1
6
7
8
10
12
15
21
34
37
45
46
49
54
55
56
59
60
65
71
75
76
78
90
96
97
100
102
107
108
113
118
124
126
132
134
137
142
144
153
154
155
157
159
162
171
172
173
175
179
181
194
196
200
205
206
210
219
220
225
229
230
231
233
235
236
238
239
240
241
242
245
246
252
253
263
264
272
278
281
283
289
297
298
299
306
309
311
312
315
316
319
320
322
327
336
340
342
344
345
351
354
355
361
372
374
378
381
382
385
386
390
401
402
410
411
413
414
415
422
427
428
433
436
437
439
444
445
447
450
452
456
458
460
461
466
468
478
481
482
487
491
492
498
499
502
504
510
515
517
