1
5
7
8
12
15
16
17
18
20
21
22
26
27
29
33
34
35
37
44
45
46
52
54
55
56
59
60
63
64
65
66
71
73
74
75
76
79
81
83
89
90
92
97
101
102
103
106
108
109
110
111
116
118
120
122
124
126
129
132
133
134
135
136
137
139
140
142
144
145
146
150
152
153
156
157
158
160
161
164
166
167
168
171
175
176
181
182
184
189
190
191
194
198
199
200
206
209
210
212
215
216
217
218
220
221
224
226
228
229
230
233
234
235
240
241
247
249
250
252
253
254
255
258
259
261
262
263
264
266
272
273
275
281
283
286
287
294
295
296
298
299
300
302
305
306
308
309
310
314
